1.000000 0.281285 0.276075 0.217901 0.023375 0.030144 0.052604 0.028816 0.096727 0.019507 
0.000000 1.000000 0.282729 0.222105 0.026659 0.030610 0.054972 0.028371 0.095353 0.024626 
0.000000 0.000000 1.000000 0.215030 0.026662 0.031807 0.052891 0.027037 0.102328 0.026882 
0.000000 0.000000 0.000000 1.000000 0.031301 0.048158 0.054476 0.037256 0.107323 0.032258 
0.000000 0.000000 0.000000 0.000000 1.000000 0.038585 0.052050 0.024182 0.059133 0.050578 
0.000000 0.000000 0.000000 0.000000 0.000000 1.000000 0.025743 0.083919 0.045376 0.057477 
0.000000 0.000000 0.000000 0.000000 0.000000 0.000000 1.000000 0.043743 0.075267 0.027532 
0.000000 0.000000 0.000000 0.000000 0.000000 0.000000 0.000000 1.000000 0.036185 0.072104 
0.000000 0.000000 0.000000 0.000000 0.000000 0.000000 0.000000 0.000000 1.000000 0.045456 
0.000000 0.000000 0.000000 0.000000 0.000000 0.000000 0.000000 0.000000 0.000000 1.000000 
