1.000000 0.225726 0.214568 0.126728 0.158000 0.141126 0.146789 0.135441 0.134619 0.143118 
0.000000 1.000000 0.261692 0.143631 0.150613 0.160618 0.155664 0.142394 0.164966 0.149166 
0.000000 0.000000 1.000000 0.117331 0.169391 0.112396 0.157742 0.132447 0.151240 0.154937 
0.000000 0.000000 0.000000 1.000000 0.105081 0.195126 0.192117 0.136565 0.205884 0.190933 
0.000000 0.000000 0.000000 0.000000 1.000000 0.107816 0.220123 0.140130 0.189108 0.155900 
0.000000 0.000000 0.000000 0.000000 0.000000 1.000000 0.158182 0.216459 0.178756 0.214005 
0.000000 0.000000 0.000000 0.000000 0.000000 0.000000 1.000000 0.146528 0.214725 0.153229 
0.000000 0.000000 0.000000 0.000000 0.000000 0.000000 0.000000 1.000000 0.171769 0.211538 
0.000000 0.000000 0.000000 0.000000 0.000000 0.000000 0.000000 0.000000 1.000000 0.201457 
0.000000 0.000000 0.000000 0.000000 0.000000 0.000000 0.000000 0.000000 0.000000 1.000000 
