1.000000 0.072132 0.143599 0.133032 0.170712 0.135597 0.075782 0.134473 0.098341 0.127061 
0.000000 1.000000 0.073150 0.068939 0.078704 0.063852 0.087766 0.068503 0.096488 0.075536 
0.000000 0.000000 1.000000 0.130130 0.149894 0.119881 0.074869 0.120411 0.113739 0.113606 
0.000000 0.000000 0.000000 1.000000 0.148211 0.129136 0.077504 0.148784 0.114498 0.130628 
0.000000 0.000000 0.000000 0.000000 1.000000 0.139168 0.097512 0.142178 0.127109 0.127941 
0.000000 0.000000 0.000000 0.000000 0.000000 1.000000 0.096303 0.137942 0.116787 0.116837 
0.000000 0.000000 0.000000 0.000000 0.000000 0.000000 1.000000 0.087852 0.110376 0.078714 
0.000000 0.000000 0.000000 0.000000 0.000000 0.000000 0.000000 1.000000 0.117082 0.116025 
0.000000 0.000000 0.000000 0.000000 0.000000 0.000000 0.000000 0.000000 1.000000 0.109426 
0.000000 0.000000 0.000000 0.000000 0.000000 0.000000 0.000000 0.000000 0.000000 1.000000 
