1.000000 0.149072 0.198745 0.206366 0.198217 0.148578 0.179385 0.125252 0.183913 0.176749 
0.000000 1.000000 0.138528 0.129757 0.212373 0.192757 0.196432 0.168544 0.176146 0.193576 
0.000000 0.000000 1.000000 0.188102 0.168188 0.166081 0.151256 0.162636 0.171419 0.149518 
0.000000 0.000000 0.000000 1.000000 0.185348 0.195134 0.183988 0.166021 0.178124 0.151340 
0.000000 0.000000 0.000000 0.000000 1.000000 0.179639 0.182494 0.183795 0.197119 0.194467 
0.000000 0.000000 0.000000 0.000000 0.000000 1.000000 0.154126 0.194856 0.177736 0.181817 
0.000000 0.000000 0.000000 0.000000 0.000000 0.000000 1.000000 0.145509 0.178654 0.203248 
0.000000 0.000000 0.000000 0.000000 0.000000 0.000000 0.000000 1.000000 0.183926 0.181330 
0.000000 0.000000 0.000000 0.000000 0.000000 0.000000 0.000000 0.000000 1.000000 0.189021 
0.000000 0.000000 0.000000 0.000000 0.000000 0.000000 0.000000 0.000000 0.000000 1.000000 
